4648
2937
2349
9039
2170
745
5960
5517
5294
8302
45
5194
278
2598
6932
1887
6341
5625
5226
4490
5052
3248
5520
5822
5635
3796
6560
3702
9840
980
7194
6067
4267
3198
6017
7211
1458
4456
5721
8605
2263
2042
403
3274
5018
5956
3668
7553
9645
9558
7144
827
9650
4837
2789
6818
418
1247
4656
9408
8060
2448
3865
5248
2500
7200
4712
1556
4735
5173
3381
4657
7264
4038
2671
7543
4446
1806
2670
823
6095
9876
9264
1724
5023
1083
35
5781
7875
1959
2838
9104
9432
5567
8469
1674
3610
3753
8813
7815
2677
9073
9291
6252
2104
4493
6837
3534
3903
4861
9198
8474
7741
4954
4450
448
380
9496
7496
6573
3439
7779
2343
7124
521
4967
243
6867
634
2481
7541
9124
1952
3729
4763
8487
1190
7425
2461
1402
9796
4672
616
1606
4607
1084
2352
2702
9094
4917
5814
2986
2267
1858
3968
8436
4772
1579
7768
3677
7193
5967
9843
5053
6522
4773
4221
56
8521
2340
9955
7193
4362
2184
2963
4825
8610
8465
9739
8270
3068
477
2203
709
5168
8649
8169
1514
5797
6512
1173
7746
4308
4403
9685
3437
56
3240
4048
749
1969
6928
4491
3874
3836
6675
5369
2112
550
8076
3930
8939
6684
2433
2290
811
5673
4507
2794
2311
3400
1227
2116
947
446
5692
4477
206
6022
6454
8390
9760
8272
9058
1805
3324
4904
9241
1114
7970
2894
8664
6826
530
6703
4575
7849
1403
403
4609
7778
3034
2303
9666
9647
6465
1433
8385
8258
7958
6681
6095
8416
5702
6948
4193
9507
4508
550
4605
5329
6924
7509
5398
8994
5062
3747
7864
8234
8863
7327
4702
183
629
9621
5421
974
1699
765
2178
8340
9335
8941
1298
3705
6463
318
8809
4238
2
5918
3785
755
2585
1404
5736
7169
7998
3560
5865
4305
9538
7724
1701
7688
1524
8187
7545
1086
8993
8643
7187
5771
5910
5499
9930
5998
2977
3527
1877
9754
1720
4854
9634
6985
4071
336
3299
2604
9242
7374
9006
3329
2431
1212
9343
4543
6050
6569
9005
7912
732
6687
8544
8821
3649
9085
484
7757
9254
6220
5783
5550
8651
3506
2230
6320
2078
6206
1705
1708
1858
2947
2549
7607
6795
2375
6299
9500
1839
2567
4311
2743
175
2042
249
60
1630
4819
1259
3779
1353
1860
3697
741
507
3944
4883
2800
4507
6120
3228
2897
3028
4431
8368
7555
7742
3402
6506
7766
5539
3817
8475
3363
9343
9216
2958
3694
2770
8623
5798
687
6270
2065
9378
4344
5419
9053
9278
9320
6783
5334
7881
2854
2495
1265
7247
5326
1330
4179
3251
1726
3859
1859
5782
1361
7054
7471
2905
3265
2521
8476
407
5558
2324
7619
6989
5912
6809
5812
1905
2785
1335
9764
7346
277
292
2227
5939
3218
3598
754
9856
7915
4192
1113
2645
4872
6043
3915
355
3613
4610
615
1722
3799
4021
371
6134
3761
8690
6521
9971
6541
1407
937
7095
5417
3634
5930
5123
3623
3278
5549
7695
9845
4842
7611
1571
4443
4235
4409
4574
8475
7024
6755
9177
6751
1444
7253
6326
4307
6747
1368
2229
2338
776
3942
7358
2943
8253
7989
6423
8906
3386
1578
7278
921
9200
5921
9934
4260
8
212
816
6440
4789
3267
9695
4582
5038
6479
7248
2274
9403
1373
6216
4580
236
4286
5647
5351
9557
6647
42
856
5820
4661
5238
2272
8243
816
9520
7134
9808
5531
4090
2377
9424
1938
4321
8881
8255
118
8740
2455
9165
7348
8074
3908
8679
5625
3182
4962
117
9095
3400
7885
8226
6053
514
2666
3325
5567
5399
4684
6663
7451
2283
9531
1971
8966
74
2442
9035
7868
782
280
9776
6163
3253
7810
1256
3495
6821
3480
2718
2584
403
6199
9443
3888
2805
9503
462
4077
6341
5803
6456
2369
3953
7534
2899
9007
7891
2619
4834
7466
1451
2371
9069
792
959
6346
3656
2559
9451
2252
9287
6058
3779
4784
6779
4799
7869
8052
2328
5541
5854
9254
5131
561
604
3082
8117
7067
1284
4652
6079
9193
9610
3187
1871
1479
5243
4485
6427
1038
4308
3142
4082
9317
993
2833
6375
4582
1798
7673
5829
1935
598
6325
33
9437
8020
9286
1564
2805
2733
8248
6095
9654
4910
195
3119
6508
3206
2578
4450
825
1263
468
8111
7053
7354
4388
4211
8278
9028
5166
8653
2751
4315
1782
9774
8292
7235
2592
2550
8668
3448
1876
7573
9933
4033
8227
2741
5270
8416
7054
5359
12
8311
1664
5012
9563
8852
4282
1278
3141
5562
8104
9517
2671
7453
6874
8305
6443
2599
9352
3296
3421
52
5883
8531
882
418
5757
6168
7456
7959
1665
412
1738
5912
385
3793
2653
614
5691
7495
4397
2406
5150
8272
9452
1597
2873
5006
2940
6850
6675
4074
3626
7057
6611
2201
8358
1128
3693
5248
9535
7497
2860
7677
8028
9225
9336
7170
455
7093
6202
9184
142
4138
505
4454
1631
132
7080
956
2536
9500
5154
3073
3145
7148
7415
7423
1435
3761
2081
1151
7611
996
1775
1661
9356
2805
9055
7043
8193
8770
1859
1541
2642
8645
5402
2691
1076
6179
568
6115
2856
886
6821
502
9422
2002
194
3328
1773
7015
5878
5272
6467
4467
2368
4560
7349
9701
4162
5500
1913
669
751
8982
8702
9188
1938
1639
9226
2127
1772
3560
1576
6688
4403
8592
2643
7120
4762
3235
7454
2781
3668
5176
6230
6131
1979
5179
9796
2843
6919
8141
860
4349
1718
1706
3334
6522
8151
2424
9545
7525
2752
7002
1108
6234
7833
953
354
7187
7312
3296
8356
8425
4020
7060
8986
4854
9156
4841
7652
4675
7750
3683
8745
4970
1492
7811
7037
8300
7062
8376
9296
5426
2971
9230
8928
5596
2730
8969
3049
4177
2365
9150
1675
8609
8668
9691
289
8928
2666
305
3869
5178
8057
3289
8479
7351
8546
4954
6363
8254
3940
7776
8279
4473
2165
3822
8136
1294
6485
9317
7456
8961
1597
6626
5106
4042
9952
1827
8406
1895
5342
3097
4570
3372
4650
9818
384
4453
845
1651
3208
5921
5873
8717
4345
8159
7614
2121
8149
8419
1186
6622
5126
2401
9227
5273
3393
2358
2409
2270
3501
3750
8246
4086
2426
3099
4709
4857
1783
6178
5743
2741
7444
4988
4295
8013
8337
4162
2023
7332
152
840
7530
8438
7570
9336
9065
7688
8769
4693
6096
8279
6834
8982
2650
3126
6061
8691
8921
3010
1855
2283
3105
468
5032
1872
6483
2151
8721
4285
672
6360
2100
7592
4999
343
4089
8486
6441
3676
4172
8107
4468
3846
8849
4809
6676
5174
3202
2058
2648
5640
5761
6902
9331
2611
6202
6504
7343
5878
5837
9265
8630
3055
7290
4079
1884
4355
9553
3818
2731
1897
8099
113
923
9976
4440
5779
7252
1339
5376
9248
863
6083
4738
7820
6029
1160
4194
4174
6540
7169
4233
1673
4588
9417
5865
9919
1447
2197
9117
2958
5608
3851
4775
2764
6792
5894
4733
2483
3794
2538
4012
8957
5112
3684
2784
2692
1625
6732
6307
4796
2187
7672
7882
4474
4247
7950
9797
6701
6224
2959
1571
526
3379
9202
6525
7972
6968
3746
1730
9843
9186
645
2914
4679
5544
4305
8835
4884
4861
9045
2711
731
7615
7554
8728
996
992
3130
966
6055
2717
538
9107
182
2447
8964
7193
1509
2569
7145
7921
7651
7854
2627
5805
7417
2049
9430
1550
4661
9253
5009
1126
9498
1295
3348
2985
3926
1185
8760
1090
2557
4442
5534
122
768
372
5519
6697
6703
7163
1598
1814
9786
9211
3721
6805
4143
4347
8126
1606
8749
1264
536
6562
3074
5926
9237
2101
7255
1021
9017
4865
6371
9349
8751
2305
4446
1289
7851
3764
6966
5773
9296
3023
9945
1116
8305
2659
5741
2847
2112
5978
7460
1021
8388
2743
6184
6507
7352
3111
3968
1341
2645
6544
7969
6362
146
3965
8918
1111
1196
4828
7434
7890
2134
2362
208
767
1845
2940
8737
654
3867
2930
1074
4129
3916
3921
9125
9004
725
1938
9117
939
5987
8307
7067
2798
3124
6112
6569
3331
2315
9313
4265
6791
3585
4762
2670
2867
8170
9607
4763
5675
1632
6984
562
9727
6800
8893
8844
583
4155
6185
5373
4907
676
4636
4009
2365
6249
1316
222
5140
2675
6536
9306
2676
4310
7839
3691
6087
8032
511
2660
1370
2065
6972
5084
973
1774
3153
9565
2193
8753
3102
8271
6669
4339
815
7792
6423
9352
817
7749
1860
8238
8272
2317
8215
4060
838
1532
9621
9336
7195
9907
3344
9639
216
9884
5707
8136
1888
7780
5224
4419
7843
7887
8904
492
9349
8810
2837
8273
8106
7428
5731
1716
8057
6619
2042
6463
3367
4393
994
637
364
6876
697
1534
2677
5445
8761
320
5522
7708
5385
5520
4043
1421
8040
1390
4359
4855
8446
3432
1319
624
2636
5258
7151
280
5547
5989
3077
7351
325
4392
2295
1431
896
449
4399
6858
4594
6985
4964
7683
3365
2084
8930
5363
2707
1823
4237
9799
7846
7535
6256
4577
7293
9367
626
6816
894
9933
4953
7046
9592
4591
8750
2534
1946
2549
6032
5932
7025
9882
1753
7791
8758
4874
7315
7390
1430
8656
6820
6626
2397
6621
2442
3097
6737
139
4975
7448
9220
7280
1275
1732
6829
3251
8602
7023
6840
9246
3852
6563
6365
2897
439
2714
7400
1191
5839
3517
3031
9112
3408
7415
6872
5578
4311
6570
5573
3258
7202
7363
7817
2227
5956
5002
355
4010
8623
1358
2984
9564
7707
740
7878
1644
7045
9182
5308
5225
6444
8253
1951
4277
7198
9401
2206
3795
8996
1774
8456
7329
776
2496
2596
246
6138
4695
4810
5984
9282
7539
7619
915
1138
9772
6570
4610
9524
212
4843
8371
1434
6629
2986
6063
7489
1664
5443
3303
7720
3017
1706
8072
8512
273
4944
5970
9382
6210
8523
391
228
9425
6256
8121
4667
6955
8547
2757
6799
8314
5602
4153
7363
8201
3416
173
7269
9198
675
919
2691
9808
3323
8495
8152
4713
3294
5841
6910
8381
750
1681
9632
3443
5805
2308
861
9714
1301
2835
1850
3894
5237
1824
651
9166
780
5240
5904
2474
3686
7800
5170
4528
5161
5028
2545
307
247
2041
8740
7849
6869
4388
2188
4623
3783
1610
4648
5772
696
4355
6631
618
8913
7420
8847
521
4778
6790
5437
3125
6510
5360
2175
144
1278
4885
4858
6137
3585
8303
4942
1993
7328
9238
1076
2645
7559
7735
1722
5162
1073
3193
40
1020
9364
1940
9625
5079
2753
8801
5547
5002
6076
3236
9334
7428
3148
6466
9648
2766
8980
1856
9239
5108
2069
5217
8476
9514
8261
6373
9920
7849
623
2923
130
3416
1123
4395
8612
961
2587
8248
7822
7798
3557
4028
5104
5828
3971
6127
3065
2662
1904
9069
1388
7275
9463
7220
6914
8543
7021
9840
2884
189
4858
9937
2163
7950
54
5835
4935
4669
1756
2946
7976
8377
1357
7012
7328
9159
5162
5010
9444
2751
9254
3303
3497
4086
8430
6047
518
2280
2262
65
7883
9573
6743
2328
449
7207
4969
8954
3540
4508
5316
5189
1066
5047
8225
8001
4957
7526
4024
8516
9161
1414
3124
1421
9992
1555
7168
1733
1934
9214
5064
199
393
1567
9008
5469
1901
8270
550
7005
9495
2672
1795
2297
1558
2723
8043
1753
3495
317
3739
6709
1964
9312
703
5468
9404
5838
8959
2021
1526
8100
4273
7285
5700
7570
9262
1796
4328
9605
1634
1513
1914
3895
2414
4767
1820
3893
6399
4901
2726
4192
5041
5774
8746
6630
8369
3895
4501
486
4861
7630
6951
6256
5318
3439
9690
1192
3834
6718
1538
4825
6415
1016
9369
2277
502
3307
6685
5222
5231
6350
6237
4450
3121
8784
587
2126
1377
799
7481
4579
7095
9585
1796
1904
3207
7226
6564
5413
8973
3802
5553
7224
3848
255
6196
5874
9202
2832
612
8637
6551
1329
9784
9492
1283
8625
9661
8057
732
4272
5046
7065
638
2305
4411
4093
7109
2746
176
6318
1256
1090
1503
8498
7983
275
1323
6056
3360
6794
550
1049
3450
4601
45
210
6018
7202
7208
7113
202
6090
4648
1232
2391
9679
8856
6453
9834
3740
1977
1101
4184
4827
4612
1119
3348
9151
7853
7917
2577
1594
6690
44
9636
4448
5323
9932
4891
4263
6892
2380
7268
3337
7194
6010
7571
1957
1941
5839
1423
6980
8854
8713
5610
4846
3771
4104
8701
3618
6628
6985
8479
7073
3695
9846
3045
393
1048
5449
575
9101
4157
6822
6427
1454
4032
5968
8888
3434
7955
5036
4051
9198
7861
6365
2909
2943
8168
650
9974
1337
8928
5261
8518
8499
5920
7320
1584
7777
5022
8466
5788
725
2700
2826
4033
8935
7312
2708
6809
8364
9377
2889
2354
7117
7678
4359
8250
2089
8264
7787
3127
2077
7851
397
9441
4543
826
903
86
1636
4236
4191
492
2057
4012
1761
2982
2544
2380
8901
5785
5568
6650
688
1504
8450
7258
7342
4249
2574
5208
7798
612
7466
6578
6067
856
1251
8692
1845
7009
5617
3820
9387
8879
7914
5649
9196
5181
3716
8274
6278
2386
9721
3934
7434
9080
5821
4901
699
8643
9902
4167
8243
7600
5059
3508
6428
9291
4468
1244
5830
6471
3646
1829
6802
3529
5734
6755
1667
7371
7310
5840
3193
9999
1662
6123
9302
5116
2246
8783
9314
95
4898
1025
903
1548
6402
4815
5107
419
3506
4723
3955
460
5594
2293
4946
6871
6976
6934
6366
1904
875
77
5451
4759
6129
7744
6915
5703
1388
1321
9502
1657
345
1630
2614
1268
3568
7946
7795
4071
8698
4631
2620
4054
1651
7336
9790
11
8938
5158
119
8201
966
4115
6673
3627
3964
9889
2568
873
351
8805
3461
7627
3390
2791
5618
7985
6417
546
2387
1393
2405
2021
9630
3080
4015
6832
4864
6279
5181
9798
8918
8826
2022
6945
6695
443
5178
4066
3806
6002
3273
9644
4516
9791
4668
7611
9561
1322
7258
1871
4670
8792
3143
950
998
7625
8175
645
579
1795
5324
7762
3275
3241
2434
4630
6159
8720
6859
2957
7912
9661
7401
9226
3892
1881
1948
2206
3374
9
5291
3547
8502
2330
8833
8137
3227
3312
5526
6924
2401
7398
9579
2523
4289
3644
4118
5659
111
8011
212
7515
5643
5534
9499
1897
9626
3020
4943
5362
9219
1598
1651
5902
8256
2050
5863
4556
2329
1765
9163
3954
2005
5502
6544
3817
6943
8668
8589
8087
1541
8133
510
351
1046
4948
1192
1705
5683
5138
739
6450
4833
5331
9204
900
6636
8087
7124
6182
373
7750
5825
7728
6285
3352
170
9469
5198
7597
5171
1830
6539
2867
9039
1766
7937
5966
3051
4810
2425
5206
459
9189
1859
4365
2093
985
6707
8603
9333
8485
3326
4632
6305
7817
3935
8086
8406
9413
8669
4738
3826
2630
9273
6015
8421
1848
7901
2719
3843
1809
6374
1356
8411
4254
1847
3981
6281
1115
3778
4758
5361
823
1682
9245
21
1807
8405
1492
3813
7391
5382
9493
5482
1557
3538
5741
1856
7415
5900
8920
7867
7700
8682
5019
3172
4257
3830
3124
4107
69
1474
7370
7120
3650
7343
138
2989
313
8515
3819
2056
7347
3190
6478
4652
7004
2627
404
4751
635
1429
179
5043
1038
9575
8811
6073
8142
4557
8508
1563
9787
3109
3286
677
4098
9138
9984
7519
6898
9507
3141
8869
3121
8302
1488
2794
60
5163
4644
8408
6021
7591
1479
9831
5652
2209
584
7550
5627
8090
2866
1687
8628
536
3518
4341
4572
8059
1181
7074
709
7112
4832
9411
798
6357
7838
9733
4704
4101
1195
5204
6173
4480
3320
8560
8630
3954
6221
7057
504
1957
1803
3739
1114
843
6366
6820
408
6845
8062
9148
3855
9758
6562
9840
6209
8900
3086
491
4102
2916
8232
1092
6682
9009
4832
4307
995
5646
8707
1342
4301
4140
6704
3801
223
3412
3467
7284
5350
8312
8599
8047
7003
3846
9307
1225
4426
454
6047
9635
2652
885
8743
3567
8420
3111
3226
8528
9653
9262
2913
5782
8770
3573
2573
7758
4045
6782
7381
8031
7912
9970
3125
1874
6587
1128
8916
7113
9810
2579
4709
2550
2139
8234
7389
8907
514
2668
6872
1107
5119
2409
7302
360
2494
5034
4561
7773
8561
7330
1169
4476
2393
2272
1623
3649
8360
4903
3028
4109
9512
3638
7552
1149
8148
3023
7001
6404
1131
6945
2308
5502
5932
2970
1543
3825
2983
8897
7713
1490
7891
7770
6331
4752
4411
6934
5954
2644
6325
7754
3152
1786
7020
9664
608
1066
480
4941
9333
3
5514
8345
4311
2872
4756
8621
7172
9703
2481
4336
5619
6279
8091
7259
5575
3888
4948
759
9449
5063
412
2530
8282
9677
4577
4402
2368
2731
4035
8902
3793
842
9937
5689
3138
4472
4244
4012
1718
4104
6229
4658
1186
8561
2665
8754
5368
5210
6630
9723
1518
6302
8858
9932
3322
5557
7412
1665
6186
3042
9510
5529
5540
2830
1190
625
2901
6442
1909
6596
9577
8581
1542
3388
2453
8161
8881
4064
5768
8386
7968
7250
5856
9284
4333
753
2279
2776
2343
2260
889
6311
5200
1812
4212
5701
1207
2470
7629
3237
5169
6431
4148
9430
9029
3292
8858
534
2319
7410
5351
1566
8608
3332
9461
6228
4746
4159
9687
1325
7363
7598
861
8550
269
8357
3504
4985
771
4084
2786
7748
5789
9579
7697
9907
4533
9907
7256
4160
7448
992
6622
6674
1274
5667
6483
631
3776
7253
8680
3191
8257
4026
1338
3582
1805
8077
1493
3419
1080
4690
4784
1142
4611
3480
5779
7563
5693
9360
5211
4248
9443
1286
290
2591
19
7203
8144
1805
4698
7658
5296
4735
9493
6846
7054
157
2432
43
9204
4473
2266
2217
790
5025
8914
3502
3813
9269
3530
753
486
4325
5093
4798
6406
2027
1775
9679
2693
2609
9684
2127
9483
1822
2359
4641
5288
7007
8947
7685
883
2048
6735
2889
9171
3776
8848
8706
3329
8340
6295
3207
3221
7321
5542
6496
8646
8998
4236
8683
8642
8503
5750
8483
5224
3381
1955
6767
7251
8491
4066
5697
4378
7018
8350
7027
5446
2831
9909
9424
1729
4922
5702
6656
2462
5669
8089
9350
8822
3563
8573
3675
6981
486
7070
4746
9476
1021
202
5662
777
6565
530
9103
4475
201
5478
1233
1199
4780
1470
1436
2806
2560
7574
6096
5580
1827
7005
1830
3488
5661
1697
1531
3737
2669
3754
2005
2432
5401
8517
1577
3500
4340
5036
4078
683
857
7917
4893
2912
255
5762
8675
4044
225
1529
7564
9919
219
6201
5248
1520
413
7028
2537
6045
8823
9860
9299
7949
8356
8133
6854
5923
9558
472
4927
4860
8133
1891
3628
4570
3309
6978
8084
5725
9784
8254
8361
9665
5499
3222
1998
8118
4354
5599
6458
8255
2898
5358
5655
7620
9099
6799
9595
9695
413
4488
1064
4861
9457
149
6524
7086
1680
7299
9016
165
2284
4131
666
912
8165
6903
4123
2763
9655
8029
4495
8582
7396
8820
5281
6598
4369
7649
4204
2296
4920
11
9968
4786
6583
4961
3514
3584
160
9111
5556
5268
8515
2805
2128
2414
9083
5174
1595
8968
6991
2385
7497
9274
1168
8339
1772
9145
5664
2609
4342
5011
6414
651
8170
6050
8318
8056
4432
3506
2079
6491
6738
829
3377
461
3021
4963
3316
9487
5273
6246
6971
3162
9333
6512
4233
6369
5397
398
3673
7559
1976
7259
1203
9219
6097
4726
1357
1813
1215
8519
1067
2824
8637
7110
4258
4772
2278
1248
1031
4688
7468
7681
1960
2875
4706
9018
7074
3018
5438
2161
6922
890
4729
739
771
3763
4753
9446
5517
4451
6896
8262
9123
5334
9951
66
3483
5744
2356
978
9136
9013
5645
7332
1923
6519
2855
8348
429
7989
1164
6286
2036
3370
837
2865
3896
3248
1777
508
9789
1880
6324
1188
4485
8877
8062
7051
3014
8180
4773
1820
2402
7287
1416
9040
1308
5128
1393
7663
8227
1836
7977
6680
3973
8023
9467
3156
3156
2347
6512
574
8634
7385
9707
7747
557
74
3359
9892
7908
3910
9519
5987
7771
639
5964
8137
4150
1145
501
9686
3239
5388
3170
634
77
3470
7815
8235
9169
597
5469
7183
3491
127
7567
348
7147
8495
6680
9353
7600
7696
5918
5159
6496
9886
7007
6883
3877
9827
5221
3722
6834
8896
3869
3959
3388
7347
1918
7569
2866
5350
5184
9245
4962
7288
8965
1645
5318
2293
7251
2812
9470
6687
646
4655
920
869
6808
1290
9638
2622
7189
8315
6036
1317
3573
4295
5396
5761
4550
1271
5762
6924
4228
8919
9721
1922
3151
8104
6855
1535
6054
5772
2847
4535
8346
5490
4277
8227
2392
7674
3869
1161
2493
2699
344
6719
9895
5640
2167
1923
9453
6557
339
7661
7130
1231
121
6007
7482
6487
5216
2767
3637
1688
3423
3620
4105
2592
784
2200
1621
2159
3186
6107
7890
1053
9324
385
4167
7519
9677
8812
872
5599
6361
8905
7822
5837
6692
3520
2276
2698
6233
1908
4923
6699
5909
3617
8510
2422
9172
7710
2458
5364
170
8630
2709
1903
3054
3165
7330
378
1275
1426
6686
9109
9087
57
8031
9796
8754
8141
186
8490
6351
2514
912
8629
6679
9241
6382
9482
2927
7275
1513
5193
3839
6271
826
3557
3960
7868
5010
7994
4784
8053
5020
5930
2888
2343
3032
9120
4829
3368
6397
7305
7992
6838
8278
8311
8746
5317
6358
4166
927
7132
4677
813
4677
3702
3993
3099
180
4913
9496
2152
3063
1998
7553
3977
8476
8675
7759
3429
1840
5372
1146
9460
7141
5166
7787
7817
6758
5253
8867
2843
2871
5138
5869
6121
5862
2011
5441
6347
8385
9314
3459
6172
2371
3279
1213
1500
2795
6576
3239
6479
5021
9942
8838
3343
5785
657
1885
8921
5132
6871
953
4855
8685
8822
7041
9879
2678
3206
5069
5358
5011
1608
3837
5815
9233
3960
6692
38
9979
9266
2082
8291
5766
8796
7753
2918
313
3955
1064
3024
8324
7749
9707
1672
6328
1555
25
5680
9255
6667
1410
6368
2931
3899
2570
4456
664
4056
7281
1557
9298
5838
6174
9673
7764
1063
9033
7484
607
3723
2830
2088
2633
997
9961
7264
8859
2072
3192
6121
5254
8979
9684
5518
7671
3916
4291
3203
4321
9396
4549
1701
708
1398
8517
6433
6750
1096
6549
1303
9571
2206
3665
5566
765
7384
7293
8768
5300
83
8794
6609
8313
3064
2285
5774
5846
5720
7332
5320
8093
9139
3804
7594
1781
8363
8094
7814
2782
2271
2032
1182
1595
622
7612
1019
1383
4004
5556
8364
1825
6029
3396
3395
7358
5977
9617
8185
9214
550
8382
5541
7968
3813
8302
1945
5336
5317
6854
6150
8813
2499
5749
5934
6946
6977
9293
1557
5595
7996
2172
5491
8228
1333
3723
1986
8572
5477
1594
3466
795
302
8066
7553
6202
6759
783
3424
8914
4734
5719
3515
8735
3293
7101
2259
1587
693
3089
654
4386
1351
6472
9233
2103
3909
9692
7015
2267
8909
8637
6490
8637
4365
1961
7722
5549
6073
7976
2561
1301
6538
2631
443
2055
968
4407
8198
1631
8468
930
8086
401
2230
4059
8288
2339
6158
6022
2233
218
8989
6493
1734
6006
6775
7267
5457
4791
9938
8081
2142
643
585
6751
9436
4812
4058
4021
1076
5512
6490
6642
4264
2962
7800
4578
2954
2570
4676
6012
7068
4875
17
8273
4310
6350
2472
1866
1976
5404
402
2276
7346
2346
985
4380
1932
2267
9715
583
9240
1510
6586
7983
1164
6946
6647
7915
5228
4429
285
8145
2201
8320
5854
6611
3267
3400
8339
2338
6710
8811
9679
9318
5884
6895
1757
5130
1693
1012
723
1589
607
8961
297
1584
3953
4322
5593
5689
8176
3747
8207
3559
7953
4254
5390
7107
1430
5641
8071
6259
7749
6312
4151
8938
9171
3991
5956
2662
821
6337
1199
9881
5218
3935
5042
6647
6305
7430
5192
5642
2183
4527
3957
6634
3694
9253
9446
3057
4445
493
4936
7666
2043
9489
1312
7813
4662
1871
2042
2569
9000
2022
1423
8969
9171
3882
5527
7934
9780
8948
3759
5105
1381
8034
9119
617
905
6707
1301
1793
3577
9836
722
7466
6532
7186
1943
7249
5292
9686
3744
3072
206
1758
3074
1805
4150
331
426
4301
6990
3828
7356
8198
3777
8905
5105
8606
586
7113
5827
621
4948
4569
1218
685
9688
7247
4038
379
7971
5125
7311
75
6033
9363
7971
5512
9294
6562
5093
5772
6870
8658
4463
7024
5669
2535
1248
6323
3255
7077
3394
6239
1970
4832
2942
2617
9875
7417
2140
1765
6274
3329
234
9632
882
4615
3854
9861
7069
9859
6552
5190
4263
6168
2911
2757
5976
6963
4724
7168
6338
1156
5260
9038
2769
3830
2716
9789
2144
7778
9513
497
7570
5402
1036
7012
2650
9953
1108
652
9171
9181
5140
5747
8983
5058
9882
1028
5723
8877
7775
8792
6934
970
5402
8101
6682
3008
3739
6661
9133
4089
7718
3830
7146
9253
8633
9729
7043
7949
138
3111
7513
4349
3501
6156
7929
1919
3545
246
7624
4773
1447
6494
7931
9473
3218
8982
3006
9571
992
9065
3035
9668
6093
8425
1648
59
9914
2627
313
9418
3625
9639
6920
4069
4501
5947
766
4775
3534
8537
9710
9251
5870
1148
8039
5514
8005
4513
6918
2763
5362
3085
7147
8936
6443
7386
3691
9869
1779
8044
3348
5656
9245
1757
3813
3969
3160
374
9345
6993
9433
5290
4187
7368
5101
9067
9641
1214
7495
1237
5897
8343
1429
903
6544
1961
128
3594
8180
3132
8650
1789
7613
4955
2489
9490
1852
5845
3128
4352
8200
1009
4148
717
3336
1846
5853
345
6788
9997
9027
6701
4724
1029
4340
9243
3915
2415
2367
8233
6076
6482
1207
4714
6714
7817
1720
3402
9761
7936
9146
5436
5215
6911
9419
6766
3034
6303
7718
4392
1408
7117
7612
3053
8502
5933
5687
1848
493
109
1859
7126
6731
9230
5634
377
2687
8607
4424
5996
8243
8957
4442
3598
7677
6381
8470
2357
318
6703
6800
5148
3404
630
8899
6982
838
7776
778
3865
1071
8502
3005
4886
7778
1551
571
7244
6332
6707
895
9171
5614
3611
4553
6016
5026
4451
5573
7005
3819
2004
8789
5215
8052
1652
8690
2080
7603
4637
5005
5840
9406
1344
220
239
297
8376
245
4888
15
1606
1182
8020
8981
7288
6258
754
4821
9867
9014
5258
6123
3691
336
2044
3627
8461
3239
800
3082
7566
9219
3659
2950
533
8535
4693
168
9794
6690
4175
9542
3454
141
6061
6058
8072
3879
4031
4585
6584
2869
766
592
2221
7613
7377
9553
8680
2783
3685
1134
7225
3374
3539
6648
3270
281
1028
8335
2728
2379
860
6824
3505
6588
1018
4914
7182
3520
5773
6793
3447
9895
4516
8101
794
4178
3814
653
6623
8520
2569
6908
6842
7462
7407
3304
256
9023
4371
7667
7525
7762
1386
1321
5086
7613
555
8014
5533
3078
993
7919
7491
5924
1745
5344
8053
303
6408
8620
5636
2820
4938
7740
1119
5679
1424
9571
5362
4098
3694
1687
9045
4535
9367
2075
8287
1312
870
268
7073
1834
7043
5064
7944
2936
6575
7979
9179
9804
2364
8963
751
7534
1737
3662
1669
56
1671
5084
9644
3937
7497
38
549
8549
4844
6010
9294
6020
3503
7688
8543
8867
9967
8674
5798
8539
3078
2314
5316
1943
8127
8663
1749
3264
2740
3259
993
3463
9207
8195
8942
1652
2766
6394
985
8611
1168
7931
2511
1936
884
253
9841
643
6715
8310
715
94
821
2857
9193
733
9674
8831
2874
955
7281
883
9069
2118
9872
5624
6558
6920
7355
5215
8002
5889
2021
8632
6797
5206
7460
1902
4100
4989
4609
9362
6206
5090
6263
284
2791
1566
9052
187
4477
6590
6645
5960
1730
3559
1249
6990
6213
1840
5315
5395
2625
4430
4028
8569
3108
1157
7470
7961
4610
1201
7666
7326
5400
6513
6618
1380
2177
4287
838
3136
1538
3415
145
2082
8191
1279
9845
8882
5493
9719
7141
7732
4139
6039
6854
5315
4696
8304
7149
3229
4594
2922
3480
7211
9982
8936
4435
9793
1290
9880
7388
2324
9415
8516
5930
778
4121
9961
3568
6070
5199
2514
5958
3146
1033
1406
5755
122
346
531
7242
5053
1653
9090
364
7896
2066
9614
7996
5856
7329
6292
2472
7206
7613
2303
2012
8538
9315
2102
7910
8128
572
5034
7806
6125
2145
2865
7072
4063
4736
6166
1425
8363
5120
350
3909
3674
6927
4411
3431
6938
5013
9983
9363
203
2711
4500
4067
595
1270
5075
8139
9770
9398
1538
5212
9511
5047
7882
4395
5573
6196
3339
2859
4119
1486
139
1035
4348
5227
2336
834
1467
9543
2623
3606
693
7668
8488
867
8194
8486
1660
5538
2895
8556
5408
3263
5964
8039
6330
8882
5220
5685
5285
6431
8525
8861
7798
7528
2868
2856
1796
6089
7544
1551
2170
6647
3454
8994
2272
3883
4292
7574
9906
1801
486
5912
2216
5591
6363
1203
1966
8321
4735
9292
7057
7463
9198
5662
944
3928
1016
5296
6993
6278
5649
6354
8668
1505
5256
6990
9507
2306
4305
1497
6998
7443
8811
1179
8881
7571
2320
4508
8481
8167
6240
338
7326
9208
1176
4390
2686
6394
6581
2234
8722
1963
6264
1611
8638
6450
3884
8706
415
3219
9849
131
1772
2550
9370
4525
4416
2544
2450
4138
7789
4858
8513
852
5292
5062
2710
5008
4327
4825
9530
4721
7438
4194
8080
7265
828
3110
8947
4552
3187
6092
3884
9933
7115
4302
457
6999
1374
7587
9902
5765
2695
9026
3603
3863
996
3876
1666
8611
7764
1847
2187
4820
2780
8879
5554
7732
6915
1814
8042
4302
4445
3348
8069
3240
4557
9019
6297
3262
6290
1831
1926
1828
33
3532
9588
9957
4154
5926
7438
1150
1833
2704
4179
2617
715
9685
5671
6359
3360
3373
6604
5386
3618
9540
6925
2057
1475
2644
5748
2052
4034
7467
3608
8522
7891
9696
9494
9092
9854
8717
2461
8192
8128
493
1641
8954
8656
8711
7635
9850
1433
2062
9695
106
1252
5294
7832
4442
9671
9031
959
4259
8197
3170
2396
978
4966
4386
7510
9803
8212
6967
2811
8690
1607
6398
7120
755
9566
253
3446
191
9273
9845
5061
7497
2361
978
6198
3310
6440
2835
7064
9815
920
5713
9856
3477
6680
3265
2995
2539
5365
4289
1326
7544
6409
3208
8771
603
7648
7459
7245
2842
3497
6388
3527
7644
1543
4425
7932
565
655
9633
6604
8048
9992
7776
9213
6065
7295
132
3497
132
9725
8319
9826
950
5535
9713
2390
4059
8964
2433
9506
6034
1485
6911
7630
7700
2903
7421
371
4848
4497
6815
1065
9684
2062
8525
2073
4821
334
3352
4137
2235
65
2202
8775
6
3850
1109
3313
209
1355
6240
7305
2370
8336
1175
4784
3764
3516
7292
3329
765
3223
7050
8316
6635
6073
4819
8991
9734
5795
5911
2291
7899
2021
325
9836
7530
6507
3354
9095
1394
6772
5124
1869
7734
5427
1277
2297
9112
3609
4599
5734
3405
8186
380
2495
9889
4813
3496
9110
1083
3174
4574
2251
4534
9355
5898
3960
6199
4413
9240
7392
4068
1415
1326
6083
2631
8482
4885
7892
2397
1866
8798
188
7022
1347
9169
2853
7580
1780
9837
4969
911
7178
166
9308
9297
3249
9321
9626
7764
5029
2812
1464
7849
2526
7776
6750
1018
198
6495
5029
49
7417
2727
8737
141
1791
2988
8670
6397
1690
6906
4837
5346
846
7374
4004
934
2904
2150
7813
3926
82
4716
4439
8694
3673
3076
8607
723
518
3297
7528
2000
3794
950
1971
2383
4919
2901
5633
7975
1957
9882
1679
7405
6786
584
1701
1309
9048
5988
7163
4597
1424
7926
3452
4161
926
7469
4511
5472
2908
8240
8589
8870
947
1284
3554
2065
1870
9533
6958
737
5744
6308
4592
1673
3281
8068
436
329
3259
5324
4217
3930
335
8195
7411
6006
3917
7985
6001
7746
4652
4090
6644
6037
167
556
756
2488
1563
8226
5133
101
4042
2288
949
6331
5972
6027
8069
2064
1975
4931
8236
7681
4271
5365
8586
6509
2220
852
5419
9951
1103
6891
328
116
7646
9701
3180
9034
2699
8867
5075
6415
4824
2412
4157
7762
8560
7257
2992
8699
1798
4046
8576
4250
9263
2422
7599
6226
5129
9137
5713
2329
923
6754
4980
5974
5239
1645
765
9574
9707
884
964
7147
8072
8760
8931
3424
406
2373
2286
285
4004
8883
3522
5339
7608
3340
5479
3803
4009
8194
9072
3952
9678
7914
9850
859
6002
1854
2981
5033
7341
749
548
8182
7954
6595
8126
2718
4452
3729
348
6475
4804
3246
3913
3940
9633
2033
5263
7529
6962
9445
3000
4037
7897
7977
2798
7908
2963
5908
5841
4313
4271
6710
5674
1286
8511
7543
4551
4819
4689
6416
953
4022
7177
1084
5223
5393
3365
3802
5907
9143
6596
1975
6868
6890
7601
7198
5579
7078
3070
1064
4853
7340
2451
6449
9953
2024
7255
7540
3996
9341
199
254
9707
3955
6009
6844
2775
4065
7212
7872
9708
1923
2669
6018
2808
6896
9780
8016
1753
4817
6420
1280
4369
3811
2329
815
1583
7117
9304
4568
7829
8750
1706
2175
2797
2852
6681
109
5157
9101
8660
4543
5055
8785
4340
1423
7434
1253
7909
9573
2569
6037
1152
771
4928
6349
4816
5250
410
7731
2740
2659
4783
3223
3693
598
474
2130
8156
4329
1065
8662
8845
9039
1031
7384
6315
232
9112
7392
3867
8966
6437
4925
9990
8837
1316
8783
2860
8317
6714
2406
1455
2277
5676
3645
2789
1589
6468
6351
3726
5748
4720
5530
4716
3871
8360
7942
1305
5500
6685
7917
5855
480
3996
3255
764
3902
4270
1397
6661
5815
9571
3368
8735
1587
6626
38
6650
4565
2054
3474
7379
2174
6476
5406
5689
7498
5038
8547
9848
8499
9988
6719
2832
29
1262
3248
6497
6113
9472
1831
7567
9174
3045
3734
2856
8811
4234
3340
7667
5145
8838
3544
73
5874
6902
946
507
1557
6116
483
9094
4912
7019
3072
668
6170
8617
5032
7283
9669
5888
4735
6830
1224
3558
1406
742
2088
584
3298
2777
5577
7494
7329
2515
8734
8859
4878
5893
9409
9135
8126
36
8755
7021
5351
8129
6921
8997
3151
7334
923
339
2107
9172
4153
4092
4781
6652
586
4218
3024
7791
5486
5798
9994
3896
2039
9699
6634
2703
3269
6613
4909
2304
7247
5174
2756
8409
7922
4909
5285
7308
4673
4366
5675
5828
910
6858
9973
9953
9279
9609
4413
9484
6025
190
652
7433
443
4582
6033
8753
4918
9333
5609
4884
8899
3858
8062
1885
1141
577
8434
3859
1640
8217
3107
5543
5885
8353
198
3447
7005
8809
8908
5330
9076
2521
8056
552
8426
7674
2567
7941
1837
8177
5896
4867
8077
6268
291
2780
9841
5847
5646
7830
7662
2145
8747
3876
788
2314
3085
3528
6510
3626
1973
7448
2272
3349
8985
3360
9830
8064
7299
8001
5316
7702
721
5599
9553
6521
4882
473
8565
7532
6750
3189
4959
9840
8452
6734
1976
4081
9185
652
5633
2958
4213
7445
9182
3419
6650
8490
2109
95
7022
7312
3388
8093
527
3227
3154
8329
5765
5159
2305
1042
4192
756
4778
8237
7804
9181
1930
7506
6929
840
1022
5306
7830
9962
1586
791
3901
6583
6479
6699
2810
4787
1293
3888
4795
1572
9650
4316
4503
3320
3001
6195
355
8142
4277
622
1095
4844
7658
4998
2630
8342
1285
4180
8008
2709
3925
9636
4491
8368
1067
4711
3099
8693
696
900
2019
8760
4719
8082
7418
1277
3154
3197
259
8651
9816
1408
4043
8495
7210
3261
9397
8741
6341
9656
9506
1551
3017
1419
8143
7527
1506
5659
1432
8961
2929
8915
6933
2866
4116
6351
4831
167
353
4861
1821
9109
4938
4945
731
1658
731
3719
2789
9526
7441
2714
4436
7006
9846
5261
648
6825
6515
9259
3560
5594
1513
9116
3199
932
323
9426
8511
4923
5811
8557
8264
8674
2145
9009
866
5821
9548
3070
4829
3945
9380
6877
7250
7935
4135
1428
8018
2266
4328
3645
1138
9389
4122
5351
8210
7592
9777
108
9968
8812
2667
9666
852
9207
7267
9197
3300
100
620
7343
7848
5013
5777
6548
6046
9047
1282
7956
4102
3931
3817
7472
5109
7691
134
6281
7800
8710
9270
9190
5445
7663
5191
8942
2232
3923
6842
1075
3299
6589
2191
879
8539
1953
731
2144
2503
9539
6909
762
30
982
8300
4416
2866
9142
9207
3544
8873
4249
6913
8946
6154
8302
6706
5972
2709
8673
3291
9526
1080
4896
8753
5556
5127
2664
84
7067
8596
9148
993
7610
305
1379
793
869
489
7627
2258
9761
9481
4051
1095
6637
2250
1328
1137
9428
3221
5449
5981
2605
5448
5378
2406
1538
5389
9183
1926
2446
761
1991
6991
8317
9767
9581
5038
9661
8649
9399
7473
1165
5182
9991
8629
8571
1570
2943
9124
6880
3378
668
422
5455
1344
7904
5099
566
8447
9173
6333
6885
4750
5473
9912
2707
2124
8313
4307
7761
2098
9201
5931
8691
1248
5413
9434
4792
9609
2613
7224
7210
8132
9104
5780
3835
6611
8254
6527
2063
7309
5992
5223
8056
900
3680
9143
2122
3668
9822
2232
1386
958
360
1761
6777
3092
2770
2268
8807
6067
6807
458
244
8458
865
2127
5173
4482
6953
3044
2212
1423
6856
5104
6185
7377
1665
5848
8072
2029
2661
1217
4353
3472
8792
5059
4417
516
6200
9730
3508
2645
6611
5181
7142
1623
2374
4418
2002
3463
8190
2034
4242
9794
6045
2113
3901
895
5446
9120
8639
9083
1376
3867
1906
2191
7434
6493
6419
4687
849
9817
5096
5129
6553
1755
8155
8073
7104
2149
3791
3316
687
2687
7774
9820
3895
3546
3338
2071
1822
2146
1359
7191
9540
9217
5076
2563
7716
9618
3548
3124
4388
7545
7156
7055
9419
8243
664
8931
9246
2942
3228
4369
4875
1173
9051
9743
2015
5796
1624
8997
5236
4789
8008
1060
7191
2224
2084
5532
1213
8836
7275
3954
7310
3310
6129
2339
6586
6944
5410
494
3014
8514
370
4353
8685
3533
5341
3167
4058
4070
2513
9335
7865
4461
5628
5139
4894
4763
6064
4451
7382
2368
9146
199
8779
5463
1770
6350
1212
5924
4324
5357
2365
5608
5194
9967
2069
4725
1239
3370
4727
6509
5275
6857
9625
4708
9756
4836
9685
8684
1173
4159
910
2727
7419
3354
4034
2920
8562
7892
9633
1935
6733
5771
478
1024
405
8587
2164
4102
7502
8811
4620
6582
1699
1242
643
1602
470
10
1507
8370
8517
5195
4501
603
4563
7524
684
2223
1714
3956
8006
2263
9116
6909
4947
1259
9829
9706
6570
7238
8479
4490
2372
6240
5358
2081
448
2563
8277
9634
8499
8822
828
2582
7709
3316
4813
6280
6991
5463
4345
4329
191
739
4425
2770
3897
2140
600
1360
9439
2139
522
873
2019
6021
8859
1932
6300
3705
7541
3646
6531
2524
5779
8594
5220
3652
751
8853
4498
6248
5335
8639
4175
3237
3454
8146
9898
9578
211
3697
6316
5067
5108
5717
1283
9102
9239
7072
1570
3704
3333
973
4603
6670
3522
3993
1099
8588
4668
5400
6964
7350
5537
8116
8559
2459
8619
6087
4790
8409
2724
4390
6130
1275
4677
9145
9840
4709
5831
3169
2291
7566
2329
1875
3942
9987
9586
395
8318
3042
7072
979
9555
9391
7991
8255
1104
6930
6779
3018
8471
8464
8574
21
3915
2602
8405
9264
7518
8629
6741
7714
5240
6671
8368
6240
6680
5153
9956
4851
4014
5742
4066
1518
4326
6788
7002
3162
7866
8080
714
1720
1910
5155
2612
1671
9609
5742
779
4964
5732
5030
1672
7103
7099
5104
111
7857
1911
5742
8708
1872
106
5177
286
9029
5701
5789
7672
2864
6828
8220
4936
8574
7336
3237
9485
3044
5688
5192
1949
4085
7922
1562
3256
7866
8718
3677
7735
1876
4735
4583
4906
3751
6708
7550
9745
3887
2033
5445
2826
5809
4700
3946
7803
7983
5632
5140
9963
3017
6032
8427
3846
6355
8262
6240
8505
4654
9622
9376
5175
565
2561
565
3197
1003
2800
2014
2502
9813
8618
1942
5730
6339
2611
3963
2564
5997
3945
6548
38
8688
7535
7938
84
6471
2404
6921
1525
2223
4164
3581
5674
1148
778
9761
5859
7884
337
9262
1161
853
3338
9473
1994
5386
2809
2041
87
7974
9808
665
207
4834
7100
6186
320
2148
5000
7721
3572
1082
2733
3628
8047
2523
6303
608
8688
88
2265
1168
1342
8848
4845
591
4492
1653
5095
1767
163
7124
2481
9710
7107
3499
2089
4667
5486
3318
700
529
2378
4121
1842
2805
804
5155
4755
1851
8986
9699
3142
4857
3019
7192
1
2754
9404
8910
8231
204
958
7618
8093
827
2957
4133
8613
3184
172
705
554
3354
539
9693
7134
170
7248
4466
7979
8357
8674
2434
5410
4226
4400
4131
4691
3692
63
8846
5680
9691
9446
5909
5781
1504
6988
3192
5927
7775
7187
7447
852
390
8313
7302
7848
9443
6145
8712
7965
9255
645
1303
2164
1781
9254
1894
9180
6245
1728
5201
8945
4560
1658
2110
9293
1838
1125
5284
9345
2722
5811
2045
1916
1637
5712
1430
8578
9555
6589
1239
3923
7996
3551
777
2739
854
1268
1969
6678
9145
1500
2452
6639
7320
5917
8725
5102
1749
9303
1606
1705
6863
2894
8887
2094
4833
5999
7343
8378
3831
9427
7373
8586
8833
1295
3989
1644
868
1886
833
1500
6238
9953
8196
2717
4245
9479
1757
7334
1959
1959
2873
7056
4848
5754
2697
6932
4677
2691
9373
6394
5036
539
8364
9177
9384
9771
5846
7353
639
6381
494
7469
3171
5930
4814
9959
8717
135
8363
1340
7832
5457
4246
6812
7507
6750
1415
8867
9743
5213
9397
8286
2926
2024
7661
1800
9317
3096
6033
4068
5834
7085
7478
2745
2273
6526
1972
2737
4202
4479
6264
4457
2391
2713
9332
9093
1078
6977
9709
3904
6937
3914
3042
1514
8725
8330
1218
6103
4253
8079
5040
1174
5359
4018
8156
4971
5507
2383
7822
572
7914
8554
2549
9747
821
6341
9504
3050
104
5976
147
3094
6808
5446
8098
9571
800
5393
5604
5212
7234
419
5070
8180
9173
5741
7581
5644
7807
953
3812
3528
6559
2433
9170
1887
8963
2365
7274
5329
7176
887
1413
9641
9187
6187
6563
6114
6670
9935
1062
5836
971
7810
1779
8330
3373
1481
4476
4411
498
589
9669
9891
2533
8161
5246
5176
9832
8869
7891
507
4885
9338
7279
8960
5485
1795
570
7398
3485
9538
4779
974
7841
8551
7263
1981
4761
6106
3186
7246
1082
9408
8876
4112
9294
1545
6243
7635
7164
9229
287
5469
9207
5003
4091
7374
6466
4491
5163
8489
9824
8805
6740
9559
5888
7074
1008
3377
9787
2976
7797
1727
8280
6486
899
4908
8514
4774
242
4887
9534
3629
2415
2560
569
3838
1934
540
2612
9275
4263
5838
7337
1963
8760
6372
6867
8780
7989
192
2584
2283
5521
5111
2111
3312
7238
5430
5882
3878
8928
594
2306
121
233
7262
8090
410
9467
5344
9257
7268
7180
1757
3883
2598
1033
6704
8966
5485
6876
8448
4365
368
6755
2472
7066
2922
9172
7912
137
1256
8325
1063
4848
3803
4555
6404
7342
6439
6813
6173
9142
1208
9981
3566
3358
6969
7210
6314
9332
6137
6032
3006
3933
4989
8534
5567
2946
3500
8412
980
5831
1561
8126
245
2719
952
7591
8973
5754
6663
1883
2235
6153
1903
7693
4483
8181
6547
9402
1822
2750
8264
9175
4399
4238
2809
3468
9515
7728
3852
1799
2371
5048
9834
4826
5139
148
1369
88
1219
4370
3964
6400
742
4935
4488
1467
3791
1258
3832
6885
2942
1195
2335
8858
953
4663
5692
6509
6186
651
9905
4247
2626
1400
1313
8570
7322
7554
6729
7207
1493
810
2944
1692
5786
1584
2129
7322
5191
3003
8750
3169
7005
9537
3993
9926
2585
1840
1523
6187
6066
7179
3039
1427
2952
1411
8235
1709
8751
2486
537
4277
5145
7124
4822
1384
5849
768
2580
4378
1496
7391
6229
4884
6821
3763
3379
7030
4804
1037
1975
6389
826
2677
9761
1062
305
355
5542
128
8667
4222
9420
3285
1475
8760
9679
7116
3452
7838
6561
6848
1197
7758
825
4957
9743
9668
5005
442
2033
2230
2492
1380
7212
2728
1016
3439
4813
5531
7293
8786
7539
8850
3201
5270
6760
5739
9715
3221
4102
1249
7877
9
2536
8998
2122
5684
2263
7595
3581
5319
3052
2927
346
9497
6481
4136
4635
5496
1393
8996
4975
5832
7157
1276
567
7351
8406
7975
31
7794
4343
7573
2467
77
2052
2055
7745
9528
9528
8100
9992
2537
1846
8905
7359
4554
3038
5279
4186
1388
9897
9510
8907
973
4281
9662
8841
4948
8178
3586
7507
9580
6740
164
3967
2456
9071
3462
8411
1774
1815
3593
1956
4309
2984
1538
8632
495
6144
1936
8362
5493
7402
3957
8666
4024
6122
2390
4388
6530
3962
3261
6902
5098
861
4848
332
139
1831
264
1252
5201
7878
8997
5955
6335
285
4912
192
4156
2337
5630
8334
5005
9264
3893
4863
5227
8208
6703
840
5117
8834
7861
1802
3210
1168
1171
5234
7550
941
4023
4354
1343
4502
1442
575
4081
2415
6127
2224
9174
4338
9394
4152
3699
6843
910
1305
1905
9730
9990
3523
1917
4474
5998
932
8829
3816
7482
4511
1153
90
3806
5641
5924
9859
1863
8619
7053
9179
5391
4768
9824
5388
6953
6232
3094
5474
7380
5621
3868
1821
3497
4258
9213
6979
6778
2542
9029
7178
3865
4944
2506
7706
1246
1061
6134
3006
8311
6805
8321
8850
6996
7186
1234
4731
9945
2859
2114
9192
8456
144
5381
2148
7145
2284
7013
9000
3053
7471
5983
3006
2842
8357
7071
2309
6597
6102
3504
1341
8933
9472
1305
831
8254
1122
8232
2638
3973
2785
5846
6169
6841
6704
8309
7651
1955
7642
1446
6416
1466
7983
2857
1091
3016
9160
4268
6077
795
2650
7767
1531
4308
3542
1222
4968
6979
8471
4443
5746
3380
4265
9819
3637
3560
8042
4771
3615
6328
1907
5695
8946
232
4647
7579
1311
6382
3736
526
6582
537
6785
5160
4493
8595
8059
3607
7009
6859
4022
6749
4980
7562
8777
8091
4719
4736
3356
1594
2662
2464
2833
7863
3946
8720
211
9625
1240
7967
7226
5787
7397
1334
8229
4152
9017
1948
4975
4685
4143
8855
934
39
1372
1352
5680
5269
5811
5618
4609
793
3181
1581
4863
1095
4060
6041
8207
8000
5146
4053
8879
2576
5398
7289
5694
9692
7342
3181
4893
4673
8985
3253
7778
622
470
1225
127
4042
8565
9340
1013
3421
3228
9761
9210
2884
1312
9551
3489
9497
5237
8564
2372
6566
6486
1315
9899
1249
2318
2113
4539
9536
8888
570
4706
2128
7084
9423
3636
5140
9518
2971
6744
2652
6414
5085
276
6176
5964
4096
1844
244
555
5407
2288
5705
6731
5293
1179
4919
6209
6719
8371
4684
5589
8404
3093
6917
5533
5443
2083
586
7068
7160
6809
8723
2459
2359
5757
2352
1369
463
2665
504
65
6478
9841
9156
4732
4912
8703
1518
3579
695
5062
2770
1976
2724
3908
7262
7868
7387
3906
2943
8741
1320
4241
1847
2810
3518
1551
8155
3650
4069
1533
5109
9617
7431
4615
5991
720
2874
1296
4074
29
292
4307
6586
3986
3699
9914
2608
1362
7269
8361
786
3995
8746
6655
7977
4570
274
5708
3244
8958
9675
713
1990
4923
8107
686
5077
3250
7054
6756
275
8017
4645
3224
8514
1134
2693
6829
1977
3756
2698
4264
5398
6727
4447
3886
9744
9631
7809
1413
7914
2436
9322
3330
2794
2162
8503
7261
1515
8709
1695
3110
320
788
490
237
7828
5484
1195
98
4642
8622
4074
392
5139
4211
1332
2334
7680
6995
6964
8597
6367
9790
5434
7318
775
7640
2696
4273
1246
2049
4934
6636
6156
1010
268
991
4999
6673
5498
7402
9302
72
5616
5105
9531
9506
4837
6699
5634
9914
1643
6667
4124
10000
6741
3272
1626
9925
125
7552
6606
6181
573
5615
2153
99
408
2953
9876
3310
9741
1635
9273
9706
3234
5035
5695
4967
5554
8113
9825
5474
4369
3995
2343
5003
2377
5515
4408
2840
2548
5075
7690
3991
839
2932
9993
6975
4381
692
4303
4239
139
7649
8541
6694
9103
9196
5875
881
3231
9989
1401
2566
1171
700
4868
8989
9261
948
964
6041
5955
3429
740
3093
7779
5757
3551
3523
6401
9479
8457
88
9405
2228
641
5370
9784
4649
619
8995
5243
2864
8083
3189
2859
355
4577
6746
4867
7890
6307
5348
4535
4981
8802
1595
9487
2005
5026
6294
4912
8035
2353
3744
839
4131
2519
1917
792
6545
2689
8185
4323
8289
5869
643
9900
6571
1889
639
8739
3065
1794
4932
2906
2952
4667
6180
3258
6326
2412
865
1344
5206
3593
2673
233
4359
5697
8660
1136
6672
4420
841
6499
7638
3845
5887
3936
5222
6436
7901
8799
9495
3792
9766
3033
7535
6091
8555
1065
4384
8840
2313
6082
3381
2791
2014
9980
5984
6343
8575
2125
8460
2003
9659
991
23
1078
9748
3051
9727
830
8865
3353
3505
8274
2198
930
8550
3370
1986
1887
6672
2750
7412
6761
730
4406
6614
3119
7654
3494
167
3367
4966
2973
1668
8414
99
4161
8497
3786
5195
9692
6321
1883
9096
786
2611
4456
460
2170
9386
8129
4619
4913
5811
7219
5018
2670
9145
1787
7222
2172
3414
8132
4603
4978
2721
4315
706
1451
2347
6563
9571
7658
7705
9740
8873
7048
6256
4370
394
7434
9915
9566
5439
1498
9174
4923
6668
8673
3621
255
4904
8593
1926
7115
5996
5213
6167
4310
188
1939
2379
7629
1483
8060
2882
5467
4470
2555
9340
7025
1425
9524
1938
9120
6117
1025
7082
3862
815
9984
9451
3268
5409
6723
1323
3147
6241
8561
6681
4578
6695
9909
2397
6985
3028
571
4838
8350
9943
6541
7728
3169
859
4418
5660
3746
9607
7115
1625
9201
4103
3844
6772
8920
4689
2015
8271
4325
2845
6430
3767
2241
9528
8479
8518
6318
4709
1918
2249
1332
121
1218
6119
2807
4234
6758
2604
5521
9228
2972
487
376
8835
8587
1527
1587
8689
6692
9963
1354
2291
4655
5813
7345
7047
3468
540
8472
1587
102
104
438
9746
8791
34
2412
3467
8627
1887
7670
7334
8963
1981
4505
3925
3541
8454
44
2576
2383
2469
959
9615
2032
7642
4781
3822
7282
1708
3672
4779
8704
9201
711
8689
861
1901
8052
4632
6553
3476
5241
9449
4558
3476
6367
9128
6925
7274
672
1306
4935
7926
3380
2472
3641
3712
4100
589
1528
6561
1771
4171
438
3567
7571
4276
5108
8307
750
4847
5812
5557
1048
2247
6966
7266
4692
656
1167
4012
8885
871
5012
7179
182
1238
5655
9897
3373
6618
8428
5956
6231
1877
2013
1907
612
782
3670
5847
7035
9942
2589
2280
6865
4058
780
9946
9071
5797
2021
2631
1531
4862
7360
5061
432
6392
3833
1529
2975
4183
7253
4879
6537
9117
1939
1815
4534
4722
9833
4105
1999
4528
8615
9076
4366
447
6923
4060
2507
2584
9390
742
2984
4965
6310
7521
935
2146
2489
5487
2700
6875
258
3098
1655
1107
984
4696
9099
4685
1122
7094
4413
6585
5340
7628
202
1922
1938
1244
7673
9872
4410
4880
6354
6762
5443
5174
5843
4449
5756
4408
9380
4512
9725
1812
8006
6213
6357
7891
1412
7513
3181
2848
1070
249
4776
1089
283
5959
6229
9033
9894
2961
1703
7377
6505
3807
8373
1015
9751
7266
9892
122
5802
2362
5692
1701
6573
7591
8117
2258
6576
6751
8306
9282
8516
8239
6570
708
9125
8290
8209
3059
931
2383
1131
56
4652
942
3069
2655
5122
5376
7994
4937
4100
9716
4707
6508
6737
7374
8183
3230
7334
6287
785
4892
6810
6501
75
5640
5531
9513
718
3380
4945
1530
6986
2144
2447
2737
8939
673
7936
4445
919
5140
2508
4067
4480
3984
9250
5003
3955
3152
8793
6488
3639
1077
7085
5423
5166
9139
9982
444
8726
3750
6914
9778
4994
647
5376
3401
514
1265
2056
2321
2120
1246
1154
5857
4884
4204
4849
6236
6149
5320
5
5660
4925
1449
6585
8837
619
6746
6494
8187
5611
3457
2570
1542
9472
1235
6246
1939
5415
7461
505
6215
2452
1163
6335
5308
8090
7912
8664
4437
2653
1934
4663
8592
4794
3900
7952
4503
6548
4234
32
2431
8958
5203
1943
5173
5941
3222
5952
3909
540
6325
5786
3092
102
8292
2343
9467
7926
8574
958
2921
107
7824
5070
9682
5585
8837
446
4663
5308
4592
1850
4387
7836
8576
4160
418
3234
295
6411
73
8430
8891
403
9772
614
531
3997
5971
9211
8455
700
5942
6710
1577
8639
1715
5700
9112
9454
8629
1444
4791
5747
3722
6052
8606
5762
6846
6890
4577
7255
8064
2282
4361
9658
8729
8788
5274
1121
965
4782
4446
5395
4600
6774
5918
883
4185
867
1805
5882
8642
7169
7020
7322
3148
5551
6771
1421
3627
9575
1554
4397
8602
2473
2209
9061
1742
2031
9954
7854
93
4030
5808
2695
5282
4566
798
4035
5865
7340
9965
8456
2670
6511
6042
9118
2172
407
3771
6491
1838
2298
7630
9945
1782
90
4498
9971
3596
1130
975
2668
8200
1957
4324
4143
2515
9567
8922
9215
8253
8379
5956
1496
7199
8723
8017
547
5868
8389
5672
5127
7471
4162
5193
2145
1080
7011
2568
7890
8552
9413
5102
7303
1224
6276
1212
8142
6499
6258
7867
7849
5811
3414
3268
7630
3801
4826
5741
6600
8348
8929
50
1782
5734
1307
8975
5175
180
6043
8423
9801
2835
6877
4172
9856
7900
8458
265
7073
8062
9909
1079
4469
8227
5902
8280
5705
7399
6970
3072
2632
1567
9767
5080
7543
4382
8324
155
7319
8022
2174
9839
9691
7619
7561
6878
6901
6540
543
3604
2380
4171
3455
3750
1575
4576
6290
2532
1273
9152
4419
8507
6751
6406
5883
4620
9492
3940
1919
4320
3647
4040
2494
1157
3418
9715
9953
4711
9084
999
2591
2955
9516
5537
5408
2899
693
6823
6528
5881
5610
2182
4790
7257
4845
923
2967
3822
5079
4217
6305
3139
7650
3502
5430
3631
6951
5364
6935
7964
4905
916
8424
4815
3587
5781
5006
1993
4172
5266
8940
536
7210
7730
762
1232
6166
7791
8906
6854
4907
3700
2681
889
6621
2915
5776
9700
6632
249
1395
6202
8514
8911
4691
8718
3975
5659
8873
351
1312
9418
6944
4656
8030
8501
2234
7231
1879
3714
8148
9097
5204
9958
5686
8594
4302
4941
4904
5498
4081
3720
8718
7181
3278
5285
6131
1281
6515
642
9682
7404
8936
235
8887
5720
9630
7279
3902
5823
2184
7736
4333
8329
550
7507
7447
2494
3039
8953
5399
6864
7121
5644
8194
6493
5889
2415
2757
1161
766
7054
675
2145
4456
7913
3116
8949
1871
3426
9396
7371
5065
8575
593
2399
9327
2893
3522
3660
5451
6168
6375
8285
4448
8995
4212
153
7466
2479
3506
2420
557
4340
274
2597
8420
5466
9960
8301
3836
287
9753
3692
5839
1204
8515
2321
9807
3498
8668
1267
1369
8178
2850
2054
243
5484
7154
9274
7608
2388
94
5430
8650
2979
1797
6509
5125
5800
1527
8492
3683
6595
8169
3217
9554
2116
1704
8238
9059
6432
57
9330
9623
3731
1036
5050
451
2589
2820
3593
1997
1816
1768
2154
5207
3538
3388
707
2976
2626
3154
8480
457
9930
5533
7920
810
8219
5474
1809
1969
5286
3732
1164
303
2050
5660
4666
6029
8951
4239
2344
8816
1818
6994
190
7354
8999
3926
6380
8058
9268
2471
5624
894
8611
7228
670
6550
8612
2764
876
2726
6966
3417
1811
5626
5819
9115
578
7511
1482
4985
1758
790
1556
9183
6539
56
9041
189
4144
1669
1688
6697
2261
9826
2642
2270
3970
9285
3452
8351
6981
111
2621
1423
3160
5369
9704
8887
12
9482
3505
8940
172
2884
1568
2059
9439
3227
485
5220
8038
3904
4232
2095
7835
1092
708
5463
7357
5921
9667
4877
8720
921
5617
9006
1747
389
3895
2316
7065
5732
6445
8431
2573
7354
1797
5019
8135
3924
776
4443
4980
2948
3552
8466
1764
2513
7843
3404
9614
2011
6188
1725
6167
6329
6128
572
2793
8959
6921
564
1984
7534
5652
7144
2990
766
7740
5684
4966
4707
3370
2040
6573
9820
2900
1371
6882
2782
9843
7006
2741
4230
4843
2072
1383
3535
450
285
1560
8300
4244
7636
8301
2093
3437
1118
5645
3986
9150
8010
2710
4873
3097
6099
3412
4775
8157
8810
6581
7613
9502
6614
1888
955
1894
1657
2155
31
2499
7869
6420
4454
1239
9807
5245
8866
3473
167
9941
7928
4762
5893
9084
2145
4221
8338
4032
390
6256
3914
7747
4203
2871
3060
5507
4932
8153
19
8798
2730
5376
4103
4654
2192
6343
6141
3622
9427
158
6219
4161
588
4440
9553
5753
2342
7680
3050
9127
184
9909
1879
3777
2502
1156
5275
4111
7941
2684
6606
2428
8350
4131
5543
9768
9515
8986
6798
8084
7014
588
4478
2360
2310
7703
5559
6765
3318
1929
2788
4762
4414
937
3090
5723
6534
4077
5809
4588
3014
544
2104
5486
7608
162
9996
7312
2553
6256
4228
1644
8706
9719
1749
4563
6733
6132
7001
5804
9562
3508
9156
99
629
229
6907
539
9500
2299
2055
8406
6804
3187
1804
3152
6143
3615
9629
2214
6206
8443
8345
1586
2764
8956
4361
9628
643
9979
6896
3162
5758
5938
2475
2458
1184
209
2035
569
5476
1643
3607
2886
4100
1579
1677
482
9035
9145
3032
4893
5117
4637
6132
5225
2167
4960
5264
8640
2757
3553
3030
4367
9926
6871
5077
3361
7613
1421
8446
8780
3581
5260
6988
4421
3402
6338
5767
6833
2312
812
4562
4728
3829
7378
848
9772
307
3545
3179
2976
3309
5824
132
8884
9138
8522
6102
5112
2485
272
3836
3530
766
8559
1698
6223
5512
7399
790
759
645
6998
8810
1781
6453
2607
8548
2697
5381
7767
553
8028
8980
4027
6328
5387
4646
9007
8166
2788
4681
2198
9292
7479
2909
4893
2169
3361
8268
1588
3787
2221
3237
1246
1570
7747
1010
3062
3116
9269
6965
9557
8295
9358
3025
1274
7487
5249
9813
3441
5238
193
9040
805
2758
759
4705
9377
8221
2817
3137
8769
9945
4182
9021
9206
1311
4241
2339
3879
2859
9057
9878
6498
6916
1556
1293
7319
9888
8181
4586
521
8499
9868
4072
3893
8
773
200
4168
5359
2301
3481
9409
4092
5941
1673
2227
5909
2679
5200
4403
8114
8138
1583
6147
6134
6348
5273
4450
9053
8472
5948
8103
2526
6980
106
1661
7168
5023
2185
1307
753
4926
455
4301
3380
6779
7150
5838
5572
8693
8283
5099
9524
8627
2391
3149
8352
4610
9816
6388
8322
794
2678
4327
4016
5061
8288
5787
736
7747
9923
8913
1019
3406
9005
4494
3952
3534
65
8536
8119
5816
9026
2426
3929
2789
2581
3080
9666
3606
1744
3995
3537
1231
501
8203
4998
4272
6392
2416
9469
4578
5224
2085
5028
6952
9104
3648
1727
3045
8892
6900
3553
4341
6374
9758
7255
2057
4816
7194
1049
3384
7277
9851
998
1497
8372
1637
4832
4904
5565
7717
996
9181
2716
9627
4764
5219
5691
1319
2289
8084
9898
3901
2937
2365
3556
688
6730
5830
6456
8867
2928
4919
4150
7925
3010
7142
6176
6303
2021
685
9566
1263
7328
3619
5522
5540
7079
3755
5742
8630
5151
5006
5856
5174
8793
219
9446
1475
1891
9029
8016
6745
9631
6361
2330
1392
3153
6579
9163
2919
5871
2436
3632
4658
3965
1733
3325
7985
6812
5573
2903
1699
8558
