4648
2170
5960
5294
8302
5194
278
2598
6932
5226
4490
5052
3248
5520
5822
3796
6560
3702
9840
980
7194
3198
1458
4456
2042
3274
5018
5956
3668
9558
7144
9650
6818
418
4656
9408
8060
2448
5248
2500
7200
4712
1556
7264
4038
4446
1806
2670
9876
9264
1724
2838
9104
9432
1674
3610
6252
2104
3534
9198
8474
4954
4450
448
380
9496
7496
7124
634
9124
1952
1190
1402
9796
4672
616
1606
1084
2352
2702
9094
5814
2986
1858
3968
8436
4772
7768
6522
56
2340
4362
2184
8610
8270
3068
5168
1514
6512
7746
4308
56
3240
4048
6928
3874
3836
2112
550
8076
3930
6684
2290
2794
3400
2116
446
5692
206
6022
6454
8390
9760
8272
9058
3324
4904
1114
7970
2894
8664
6826
530
7778
3034
9666
8258
7958
8416
5702
6948
4508
550
6924
5398
8994
5062
7864
8234
4702
974
2178
8340
1298
318
4238
2
5918
1404
5736
7998
3560
9538
7724
7688
1524
1086
5910
9930
5998
9754
1720
4854
9634
336
2604
9242
7374
9006
1212
6050
7912
732
8544
484
9254
6220
5550
3506
2230
6320
2078
6206
1708
1858
9500
2042
60
1630
1860
3944
2800
6120
3228
3028
8368
7742
3402
6506
7766
9216
2958
3694
2770
5798
6270
9378
4344
9278
9320
5334
2854
5326
1330
1726
5782
7054
8476
5558
2324
5912
5812
9764
7346
292
3218
3598
754
9856
4192
4872
4610
1722
6134
8690
3634
5930
3278
4842
4574
7024
1444
6326
1368
2338
776
3942
7358
8906
3386
1578
7278
9200
9934
4260
8
212
816
6440
4582
5038
7248
2274
6216
4580
236
4286
42
856
5820
5238
2272
816
9520
7134
9808
4090
9424
1938
118
8740
7348
8074
3908
3182
4962
3400
8226
514
2666
4684
8966
74
2442
7868
782
280
9776
7810
1256
3480
2718
2584
3888
462
6456
7534
4834
7466
792
6346
3656
2252
6058
4784
8052
2328
5854
9254
604
3082
1284
4652
9610
1038
4308
3142
4082
4582
1798
598
8020
9286
1564
8248
9654
4910
6508
3206
2578
4450
468
7354
4388
8278
9028
5166
1782
9774
8292
2592
2550
8668
3448
1876
5270
8416
7054
12
1664
5012
8852
4282
1278
5562
8104
6874
9352
3296
52
882
418
6168
7456
412
1738
5912
614
2406
5150
8272
9452
5006
2940
6850
4074
3626
8358
1128
5248
2860
8028
9336
7170
6202
9184
142
4138
4454
132
7080
956
2536
9500
5154
7148
996
9356
8770
2642
5402
1076
568
2856
886
502
9422
2002
194
3328
5878
5272
2368
4560
4162
5500
8982
8702
9188
1938
9226
1772
3560
1576
6688
8592
7120
4762
7454
3668
5176
6230
9796
860
1718
1706
3334
6522
2424
2752
7002
1108
6234
354
7312
3296
8356
4020
7060
8986
4854
9156
7652
7750
4970
1492
8300
7062
8376
9296
5426
9230
8928
5596
2730
9150
8668
8928
2666
5178
8546
4954
8254
3940
7776
3822
8136
1294
7456
6626
5106
4042
9952
8406
5342
4570
3372
4650
9818
384
3208
7614
1186
6622
5126
2358
2270
3750
8246
4086
2426
6178
7444
4988
4162
7332
152
840
7530
8438
7570
9336
7688
6096
6834
8982
2650
3126
3010
468
5032
1872
672
6360
2100
7592
8486
3676
4172
4468
3846
6676
5174
3202
2058
2648
5640
6902
6202
6504
5878
8630
7290
1884
3818
9976
4440
7252
5376
9248
4738
7820
1160
4194
4174
6540
4588
2958
5608
2764
6792
5894
3794
2538
4012
5112
3684
2784
2692
6732
4796
7672
7882
4474
7950
6224
526
9202
7972
6968
3746
1730
9186
2914
5544
4884
7554
8728
996
992
3130
966
538
182
8964
7854
9430
1550
1126
9498
3348
3926
8760
1090
4442
5534
122
768
372
1598
1814
9786
8126
1606
1264
536
6562
3074
5926
4446
3764
6966
9296
1116
2112
5978
7460
8388
6184
7352
3968
6544
6362
146
8918
1196
4828
7434
7890
2134
2362
208
2940
654
2930
1074
3916
9004
1938
2798
3124
6112
4762
2670
8170
1632
6984
562
6800
8844
676
4636
1316
222
5140
6536
9306
2676
4310
8032
2660
1370
6972
5084
1774
3102
7792
9352
1860
8238
8272
4060
838
1532
9336
3344
216
9884
8136
1888
7780
5224
8904
492
8810
8106
7428
1716
2042
994
364
6876
1534
320
5522
7708
5520
8040
1390
8446
3432
624
2636
5258
280
4392
896
6858
4594
4964
2084
8930
7846
6256
626
6816
894
7046
9592
8750
2534
1946
6032
5932
9882
8758
4874
7390
1430
8656
6820
6626
2442
7448
9220
7280
1732
8602
6840
9246
3852
2714
7400
9112
3408
6872
5578
6570
3258
7202
5956
5002
4010
1358
2984
9564
740
7878
1644
9182
5308
6444
7198
2206
8996
1774
8456
776
2496
2596
246
6138
4810
5984
9282
1138
9772
6570
4610
9524
212
1434
2986
1664
7720
1706
8072
8512
4944
5970
9382
6210
228
6256
8314
5602
3416
9198
9808
8152
3294
6910
750
9632
2308
9714
1850
3894
1824
9166
780
5240
5904
2474
3686
7800
5170
4528
5028
8740
4388
2188
1610
4648
5772
696
618
7420
4778
6790
6510
5360
144
1278
4858
4942
7328
9238
1076
1722
5162
40
1020
9364
1940
5002
6076
3236
9334
7428
3148
6466
9648
2766
8980
1856
5108
8476
9514
9920
130
3416
8612
8248
7822
7798
4028
5104
5828
2662
1904
1388
7220
6914
9840
2884
4858
7950
54
1756
2946
7976
7012
7328
5162
5010
9444
9254
4086
8430
518
2280
2262
2328
8954
3540
4508
5316
1066
7526
4024
8516
1414
3124
9992
7168
1934
9214
5064
9008
8270
550
2672
1558
1964
9312
5468
9404
5838
1526
8100
5700
7570
9262
1796
4328
1634
1914
2414
1820
2726
4192
5774
8746
6630
486
7630
6256
5318
9690
1192
3834
6718
1538
1016
502
5222
6350
4450
8784
2126
1796
1904
7226
6564
3802
7224
3848
6196
5874
9202
2832
612
9784
9492
732
4272
5046
638
2746
176
6318
1256
1090
8498
6056
3360
6794
550
3450
210
6018
7202
7208
202
6090
4648
1232
8856
9834
3740
4184
4612
3348
1594
6690
44
9636
4448
9932
6892
2380
7268
7194
6010
6980
8854
5610
4846
4104
3618
6628
9846
1048
6822
1454
4032
5968
8888
3434
5036
9198
8168
650
9974
8928
8518
5920
7320
1584
5022
8466
5788
2700
2826
7312
2708
8364
2354
7678
8250
8264
826
86
1636
4236
492
4012
2982
2544
2380
5568
6650
688
1504
8450
7258
7342
2574
5208
7798
612
7466
6578
856
8692
3820
7914
9196
3716
8274
6278
2386
3934
7434
9080
9902
7600
3508
6428
4468
1244
5830
3646
6802
5734
7310
5840
1662
9302
5116
2246
9314
4898
1548
6402
3506
460
5594
4946
6976
6934
6366
1904
7744
1388
9502
1630
2614
1268
3568
7946
8698
2620
4054
7336
9790
8938
5158
966
3964
2568
3390
5618
546
9630
3080
6832
4864
9798
8918
8826
2022
5178
4066
3806
6002
9644
4516
4668
1322
7258
4670
8792
950
998
5324
7762
2434
4630
8720
7912
9226
3892
1948
2206
3374
8502
2330
3312
5526
6924
7398
3644
4118
212
5534
9626
3020
5362
1598
5902
8256
2050
4556
3954
5502
6544
8668
510
1046
4948
1192
5138
6450
9204
900
6636
7124
6182
7750
7728
3352
170
5198
1830
1766
5966
4810
5206
3326
4632
8086
8406
4738
3826
2630
1848
6374
1356
4254
3778
4758
1682
1492
5382
5482
3538
1856
5900
8920
7700
8682
3172
3830
3124
1474
7370
7120
3650
138
2056
3190
6478
4652
7004
404
1038
8142
8508
3286
4098
9138
9984
6898
8302
1488
2794
60
4644
8408
5652
584
7550
8090
2866
8628
536
3518
4572
7074
7112
4832
798
7838
4704
5204
4480
3320
8560
8630
3954
504
1114
6366
6820
408
8062
9148
9758
6562
9840
8900
3086
4102
2916
8232
1092
6682
4832
5646
1342
4140
6704
3412
7284
5350
8312
3846
4426
454
2652
8420
3226
8528
9262
5782
8770
7758
6782
7912
9970
1874
1128
8916
9810
2550
8234
514
2668
6872
7302
360
2494
5034
7330
4476
2272
8360
3028
9512
3638
7552
8148
6404
2308
5502
5932
2970
1490
7770
4752
6934
5954
2644
7754
3152
1786
7020
9664
608
1066
480
5514
2872
4756
7172
4336
3888
4948
412
2530
8282
4402
2368
8902
842
3138
4472
4244
4012
1718
4104
4658
1186
8754
5368
5210
6630
1518
6302
8858
9932
3322
7412
6186
3042
9510
5540
2830
1190
6442
6596
1542
3388
4064
5768
8386
7968
7250
5856
9284
2776
2260
5200
1812
4212
2470
4148
9430
3292
8858
534
7410
1566
8608
3332
6228
4746
7598
8550
3504
4084
2786
7748
7256
4160
7448
992
6622
6674
1274
3776
8680
4026
1338
3582
1080
4690
4784
1142
3480
9360
4248
1286
290
8144
4698
7658
5296
6846
7054
2432
9204
2266
790
8914
3502
3530
486
4798
6406
9684
1822
5288
2048
3776
8848
8706
8340
5542
6496
8646
8998
4236
8642
5750
5224
4066
4378
7018
8350
5446
9424
4922
5702
6656
2462
9350
8822
486
7070
4746
9476
202
5662
530
5478
4780
1470
1436
2806
2560
7574
6096
5580
1830
3488
3754
2432
3500
4340
5036
4078
2912
5762
4044
7564
5248
1520
7028
9860
8356
6854
9558
472
4860
3628
4570
6978
8084
9784
8254
3222
1998
8118
4354
6458
2898
5358
7620
4488
1064
6524
7086
1680
9016
2284
666
912
8582
7396
8820
6598
4204
2296
4920
9968
4786
3514
3584
160
5556
5268
2128
2414
5174
8968
9274
1168
1772
5664
4342
6414
8170
6050
8318
8056
4432
3506
6738
3316
6246
3162
6512
398
1976
4726
2824
7110
4258
4772
2278
1248
4688
7468
1960
4706
9018
7074
3018
5438
6922
890
9446
6896
8262
5334
66
5744
2356
978
9136
7332
8348
1164
6286
2036
3370
3896
3248
508
1880
6324
1188
8062
3014
8180
1820
2402
1416
9040
1308
5128
1836
6680
3156
3156
6512
574
8634
74
9892
7908
