9519
5987
7771
639
8137
1145
501
3239
77
7815
8235
9169
597
5469
7183
3491
127
7567
7147
8495
9353
5159
7007
6883
3877
9827
5221
3869
3959
7347
7569
9245
8965
1645
2293
7251
6687
4655
869
7189
8315
1317
3573
4295
5761
1271
8919
9721
3151
6855
1535
2847
4535
8899
3865
1071
3005
1551
571
6707
895
9171
3611
4553
4451
5573
7005
3819
8789
5215
7603
4637
5005
239
297
245
15
8981
4821
9867
6123
3691
3627
8461
3239
9219
3659
533
8535
4693
4175
141
6061
3879
4031
4585
2869
2221
7613
7377
9553
2783
3685
7225
3539
281
8335
2379
3505
5773
6793
3447
9895
8101
653
6623
2569
7407
9023
4371
7667
7525
1321
7613
555
5533
993
7919
7491
1745
8053
303
1119
5679
9571
1687
9045
4535
9367
2075
8287
7073
7043
6575
7979
9179
8963
751
1737
1669
1671
3937
7497
549
8549
3503
8543
8867
9967
8539
1943
8127
8663
1749
3259
993
3463
9207
8195
985
8611
7931
2511
253
9841
643
6715
715
821
2857
9193
733
8831
955
7281
883
9069
7355
5215
5889
2021
6797
4989
4609
6263
2791
187
4477
6645
3559
1249
6213
5315
5395
2625
8569
1157
7961
1201
6513
2177
4287
3415
145
8191
1279
9845
5493
9719
7141
4139
6039
5315
7149
3229
7211
4435
9793
9415
4121
9961
5199
1033
5755
531
5053
1653
7329
7613
2303
9315
6125
2145
2865
4063
1425
8363
3909
6927
4411
3431
5013
9983
9363
203
2711
4067
595
5075
8139
9511
5047
4395
5573
3339
2859
4119
139
1035
5227
1467
9543
2623
693
867
2895
3263
8039
5685
5285
6431
8525
8861
6089
1551
6647
3883
1801
5591
6363
1203
8321
4735
7057
7463
6993
5649
1505
9507
4305
1497
7443
8811
1179
8881
7571
8481
8167
6581
1963
1611
415
3219
9849
131
4525
7789
8513
4327
4825
4721
7265
8947
3187
9933
7115
457
6999
7587
5765
2695
3603
3863
8611
1847
2187
8879
6915
4445
8069
4557
9019
6297
1831
33
9957
1833
4179
2617
715
9685
5671
6359
3373
6925
2057
1475
7467
7891
8717
2461
493
1641
8711
7635
1433
9695
9671
9031
959
4259
8197
9803
6967
2811
1607
755
253
191
9273
9845
5061
7497
2361
2835
9815
5713
3477
3265
2995
2539
5365
4289
6409
8771
603
7459
7245
3497
3527
1543
4425
565
655
9633
9213
6065
7295
3497
9725
8319
5535
9713
4059
2433
1485
6911
2903
7421
371
4497
6815
1065
8525
2073
4821
4137
2235
65
8775
1109
3313
209
1355
7305
1175
3329
765
3223
6635
6073
4819
8991
5795
5911
2291
7899
2021
325
6507
9095
1869
5427
1277
2297
3609
4599
3405
2495
9889
4813
1083
2251
9355
6199
4413
1415
6083
2631
4885
2397
1347
9169
2853
9837
4969
911
9297
3249
9321
5029
7849
6495
5029
49
7417
2727
8737
141
1791
6397
4837
7813
4439
3673
8607
723
3297
1971
2383
4919
2901
5633
7975
1957
1679
7405
1701
1309
7163
4597
4161
7469
4511
8589
947
2065
9533
737
1673
3281
329
3259
4217
335
8195
7411
3917
7985
6001
6037
167
1563
5133
101
949
6331
6027
8069
1975
4931
7681
4271
5365
6509
5419
9951
1103
6891
9701
2699
8867
5075
6415
4157
7257
8699
9263
7599
5129
9137
5713
2329
923
5239
1645
765
9707
7147
8931
2373
285
8883
5339
5479
3803
4009
859
2981
5033
7341
749
6595
3729
6475
3913
9633
2033
5263
7529
9445
4037
7897
7977
2963
5841
4313
4271
8511
7543
4551
4819
4689
953
7177
5223
5393
3365
5907
9143
1975
7601
5579
4853
2451
6449
9953
7255
9341
199
9707
3955
6009
2775
4065
1923
2669
1753
4817
4369
3811
2329
815
1583
7117
7829
2175
2797
6681
109
5157
9101
4543
5055
8785
1423
1253
7909
9573
2569
6037
771
6349
7731
2659
4783
3223
3693
4329
1065
8845
9039
1031
6315
3867
6437
4925
8837
8783
8317
1455
2277
3645
2789
1589
6351
3871
1305
6685
7917
5855
3255
1397
6661
5815
9571
8735
1587
4565
7379
5689
8547
8499
6719
29
6497
6113
1831
7567
3045
8811
7667
5145
73
507
1557
483
7019
8617
7283
9669
4735
2777
5577
7329
2515
8859
5893
9409
9135
8755
7021
5351
8129
6921
8997
3151
923
339
2107
4153
4781
7791
2039
9699
2703
3269
6613
4909
7247
8409
4909
5285
4673
5675
9973
9953
9279
9609
4413
6025
7433
443
6033
8753
9333
5609
8899
1885
1141
577
3859
8217
3107
5543
5885
8353
3447
7005
8809
2521
2567
7941
1837
8177
4867
8077
291
9841
5847
2145
8747
3085
1973
3349
8985
7299
8001
721
5599
9553
6521
473
8565
3189
4959
4081
9185
5633
4213
7445
3419
2109
95
8093
527
3227
8329
5765
5159
2305
8237
9181
6929
791
3901
6583
6479
6699
4787
1293
4795
4503
3001
6195
355
4277
1095
1285
2709
3925
4491
1067
4711
3099
8693
2019
4719
1277
3197
259
8651
4043
8495
3261
9397
8741
6341
1551
3017
1419
8143
7527
5659
8961
2929
8915
6933
6351
4831
167
353
4861
1821
9109
4945
731
731
3719
2789
7441
5261
6825
6515
9259
1513
3199
323
8511
4923
5811
8557
2145
9009
5821
4829
3945
6877
7935
4135
3645
9389
5351
9777
2667
9207
7267
9197
7343
5013
5777
9047
3931
3817
5109
7691
6281
5445
7663
5191
3923
1075
3299
6589
2191
879
8539
1953
731
2503
9539
6909
9207
8873
4249
6913
2709
8673
3291
8753
5127
7067
993
305
1379
793
869
489
7627
9761
9481
4051
1095
6637
1137
3221
5449
5981
2605
5389
9183
761
1991
6991
8317
9767
9581
9661
8649
9399
7473
1165
9991
8629
8571
2943
5455
5099
8447
9173
6333
6885
5473
2707
8313
4307
7761
9201
5931
8691
5413
9609
2613
3835
6611
6527
2063
7309
5223
9143
1761
6777
8807
6067
6807
865
2127
5173
6953
1423
6185
7377
1665
2029
2661
1217
4353
5059
4417
2645
6611
5181
1623
3463
6045
2113
3901
895
8639
9083
3867
2191
6493
6419
4687
849
9817
5129
6553
1755
8155
8073
2149
3791
687
2687
3895
2071
1359
7191
9217
2563
7545
7055
9419
8243
8931
4369
4875
1173
9051
9743
2015
8997
4789
7191
1213
7275
6129
2339
4353
8685
3533
5341
3167
2513
9335
7865
4461
5139
4763
4451
199
8779
5463
5357
2365
9967
2069
4725
1239
4727
6509
5275
6857
9625
9685
1173
4159
2727
7419
9633
1935
6733
5771
405
8587
8811
1699
643
1507
8517
5195
4501
603
4563
2223
2263
6909
4947
1259
9829
8479
2081
2563
8277
8499
7709
4813
6991
5463
4345
4329
191
739
4425
3897
9439
2139
873
2019
6021
8859
3705
7541
6531
5779
751
8853
5335
8639
4175
3237
211
3697
5067
5717
1283
9239
3333
973
4603
3993
1099
5537
8559
2459
8619
6087
8409
1275
4677
9145
4709
5831
3169
2291
2329
1875
9987
395
979
9555
9391
7991
8255
6779
8471
21
3915
8405
8629
6741
6671
5153
4851
5155
1671
9609
779
7103
7099
111
7857
1911
5177
9029
5701
5789
3237
9485
1949
4085
3677
7735
4735
4583
3751
9745
3887
2033
5445
5809
7803
7983
9963
3017
8427
6355
8505
5175
565
2561
565
3197
1003
9813
6339
2611
3963
5997
3945
7535
6471
6921
1525
2223
3581
9761
5859
337
1161
853
9473
2809
2041
87
665
207
7721
2733
8047
2523
6303
2265
4845
591
1653
5095
1767
163
2481
7107
3499
2089
4667
529
4121
2805
5155
4755
1851
9699
4857
3019
1
8231
8093
827
2957
4133
8613
705
539
9693
7979
8357
4131
4691
63
9691
5909
5781
5927
7775
7187
7447
8313
9443
6145
7965
9255
645
1303
1781
6245
5201
8945
9293
1125
9345
5811
2045
1637
9555
6589
1239
3923
3551
777
2739
1969
9145
6639
5917
8725
1749
9303
1705
6863
8887
4833
5999
7343
3831
9427
7373
8833
1295
3989
833
9953
2717
4245
9479
1757
1959
1959
2873
2697
4677
2691
9373
539
9177
9771
7353
639
6381
7469
3171
9959
8717
135
8363
5457
7507
1415
8867
9743
5213
9397
7661
9317
6033
7085
2745
2273
2737
4479
4457
2391
2713
9093
6977
9709
6937
8725
6103
4253
8079
5359
4971
5507
2383
2549
9747
821
6341
147
9571
5393
419
9173
5741
7581
7807
953
6559
2433
1887
8963
2365
5329
887
1413
9641
9187
6187
6563
9935
971
1779
3373
1481
4411
589
9669
9891
2533
8161
8869
7891
507
4885
7279
5485
1795
3485
4779
7841
8551
7263
1981
4761
1545
6243
7635
9229
287
5469
9207
5003
4091
4491
5163
8489
8805
9559
3377
9787
7797
1727
899
4887
3629
2415
569
9275
4263
7337
1963
6867
7989
2283
5521
5111
2111
121
233
9467
9257
1757
3883
1033
5485
4365
6755
137
8325
1063
3803
4555
6439
6813
6173
9981
6969
6137
3933
4989
5567
5831
1561
245
2719
7591
8973
6663
1883
2235
6153
1903
7693
4483
8181
6547
9175
4399
2809
9515
1799
2371
5139
1369
1219
4935
1467
3791
6885
1195
2335
953
4663
6509
651
9905
4247
1313
6729
7207
1493
2129
5191
3003
3169
7005
9537
3993
2585
1523
6187
7179
3039
1427
1411
8235
1709
8751
537
4277
5145
5849
7391
6229
6821
3763
3379
1037
1975
6389
2677
9761
305
355
8667
3285
1475
9679
6561
1197
825
4957
9743
5005
2033
3439
4813
5531
7293
7539
3201
5739
9715
3221
1249
7877
9
2263
7595
3581
5319
2927
9497
6481
4635
1393
4975
7157
567
7351
7975
31
4343
7573
2467
77
2055
7745
2537
8905
7359
5279
9897
8907
973
4281
8841
7507
3967
9071
8411
1815
3593
4309
495
5493
3957
3261
861
139
1831
5201
8997
5955
6335
285
2337
5005
3893
4863
5227
6703
5117
7861
1171
941
4023
1343
575
4081
2415
6127
3699
6843
1305
1905
3523
1917
8829
4511
1153
5641
9859
1863
8619
7053
